1
7
0.1
1
36
0.1
1
40
0.1
1
78
0.1
1
88
0.1
1
94
0.1
2
22
0.1
2
23
0.1
2
28
0.1
2
53
0.1
2
65
0.1
2
77
0.1
2
79
0.1
2
80
0.1
2
81
0.1
2
89
0.1
3
1
0.1
3
12
0.1
3
30
0.1
3
41
0.1
3
70
0.1
3
80
0.1
3
96
0.1
3
98
0.1
4
5
0.1
4
20
0.1
4
26
0.1
4
30
0.1
4
43
0.1
4
52
0.1
4
61
0.1
4
76
0.1
4
78
0.1
4
83
0.1
4
88
0.1
4
90
0.1
4
94
0.1
4
96
0.1
5
11
0.1
5
26
0.1
5
33
0.1
5
60
0.1
5
61
0.1
5
69
0.1
5
74
0.1
5
76
0.1
5
78
0.1
5
84
0.1
5
86
0.1
5
95
0.1
6
4
0.1
6
15
0.1
6
20
0.1
6
28
0.1
6
38
0.1
6
39
0.1
6
43
0.1
6
47
0.1
6
50
0.1
6
65
0.1
6
76
0.1
6
89
0.1
6
100
0.1
7
3
0.1
7
4
0.1
7
12
0.1
7
18
0.1
7
28
0.1
7
41
0.1
7
68
0.1
7
70
0.1
7
98
0.1
8
11
0.1
8
17
0.1
8
25
0.1
8
27
0.1
8
31
0.1
8
34
0.1
8
47
0.1
8
51
0.1
8
56
0.1
8
59
0.1
8
60
0.1
8
69
0.1
8
75
0.1
8
76
0.1
8
84
0.1
8
90
0.1
8
92
0.1
8
95
0.1
9
17
0.1
9
19
0.1
9
46
0.1
9
51
0.1
9
57
0.1
9
59
0.1
9
67
0.1
9
71
0.1
9
82
0.1
9
87
0.1
9
95
0.1
10
16
0.1
10
18
0.1
10
21
0.1
10
41
0.1
10
68
0.1
11
12
0.1
11
24
0.1
11
30
0.1
11
33
0.1
11
45
0.1
11
60
0.1
11
69
0.1
11
76
0.1
11
78
0.1
11
83
0.1
11
84
0.1
11
90
0.1
11
98
0.1
12
1
0.1
12
3
0.1
12
7
0.1
12
26
0.1
12
28
0.1
12
41
0.1
12
70
0.1
13
8
0.1
13
17
0.1
13
34
0.1
13
39
0.1
13
50
0.1
13
64
0.1
13
73
0.1
13
85
0.1
13
91
0.1
14
33
0.1
14
72
0.1
14
83
0.1
14
90
0.1
14
94
0.1
14
96
0.1
15
2
0.1
15
5
0.1
15
6
0.1
15
8
0.1
15
13
0.1
15
20
0.1
15
32
0.1
15
34
0.1
15
38
0.1
15
39
0.1
15
43
0.1
15
45
0.1
15
47
0.1
15
48
0.1
15
50
0.1
15
54
0.1
15
63
0.1
15
64
0.1
15
65
0.1
15
75
0.1
15
79
0.1
15
80
0.1
15
84
0.1
15
89
0.1
15
90
0.1
15
91
0.1
15
97
0.1
15
100
0.1
16
2
0.1
16
10
0.1
16
18
0.1
16
21
0.1
16
41
0.1
16
68
0.1
17
5
0.1
17
27
0.1
17
42
0.1
17
45
0.1
17
51
0.1
17
59
0.1
17
60
0.1
17
71
0.1
17
74
0.1
17
82
0.1
17
83
0.1
17
86
0.1
17
87
0.1
17
90
0.1
17
95
0.1
18
10
0.1
18
16
0.1
18
20
0.1
18
28
0.1
18
41
0.1
18
68
0.1
19
9
0.1
19
17
0.1
19
42
0.1
19
56
0.1
19
59
0.1
19
67
0.1
19
82
0.1
19
95
0.1
20
4
0.1
20
7
0.1
20
11
0.1
20
15
0.1
20
28
0.1
20
34
0.1
20
37
0.1
20
39
0.1
20
43
0.1
20
54
0.1
20
63
0.1
20
65
0.1
20
76
0.1
20
80
0.1
20
89
0.1
20
90
0.1
20
93
0.1
20
100
0.1
21
15
0.1
21
16
0.1
21
41
0.1
21
68
0.1
21
70
0.1
21
89
0.1
21
93
0.1
21
100
0.1
22
2
0.1
22
23
0.1
22
25
0.1
22
28
0.1
22
29
0.1
22
35
0.1
22
38
0.1
22
50
0.1
22
54
0.1
22
64
0.1
22
73
0.1
22
77
0.1
22
80
0.1
22
85
0.1
22
99
0.1
22
100
0.1
23
22
0.1
23
39
0.1
23
44
0.1
23
53
0.1
23
54
0.1
23
77
0.1
23
91
0.1
23
93
0.1
24
33
0.1
24
49
0.1
24
60
0.1
24
67
0.1
24
83
0.1
24
92
0.1
25
8
0.1
25
13
0.1
25
27
0.1
25
45
0.1
25
47
0.1
25
50
0.1
25
57
0.1
25
64
0.1
25
87
0.1
25
91
0.1
25
99
0.1
26
1
0.1
26
4
0.1
26
5
0.1
26
7
0.1
26
12
0.1
26
14
0.1
26
52
0.1
26
58
0.1
26
61
0.1
26
75
0.1
26
83
0.1
26
88
0.1
26
94
0.1
26
98
0.1
27
11
0.1
27
13
0.1
27
34
0.1
27
50
0.1
27
51
0.1
27
56
0.1
27
76
0.1
27
87
0.1
27
91
0.1
27
95
0.1
28
15
0.1
28
20
0.1
28
21
0.1
28
32
0.1
28
37
0.1
28
39
0.1
28
41
0.1
28
65
0.1
28
68
0.1
28
80
0.1
28
89
0.1
28
93
0.1
28
98
0.1
29
13
0.1
29
22
0.1
29
32
0.1
29
38
0.1
29
43
0.1
29
44
0.1
29
47
0.1
29
48
0.1
29
64
0.1
29
65
0.1
29
73
0.1
29
81
0.1
29
85
0.1
29
97
0.1
29
99
0.1
30
1
0.1
30
3
0.1
30
12
0.1
30
36
0.1
30
37
0.1
30
72
0.1
30
88
0.1
30
94
0.1
31
8
0.1
31
47
0.1
31
56
0.1
31
57
0.1
31
63
0.1
31
67
0.1
31
71
0.1
31
76
0.1
31
83
0.1
31
84
0.1
31
86
0.1
31
87
0.1
31
91
0.1
31
95
0.1
31
96
0.1
32
2
0.1
32
6
0.1
32
23
0.1
32
37
0.1
32
39
0.1
32
41
0.1
32
45
0.1
32
53
0.1
32
55
0.1
32
65
0.1
32
80
0.1
32
89
0.1
32
93
0.1
32
97
0.1
32
98
0.1
32
99
0.1
33
3
0.1
33
4
0.1
33
11
0.1
33
30
0.1
33
31
0.1
33
42
0.1
33
49
0.1
33
56
0.1
33
58
0.1
33
60
0.1
33
61
0.1
33
69
0.1
33
78
0.1
33
83
0.1
33
84
0.1
33
90
0.1
33
92
0.1
34
8
0.1
34
15
0.1
34
17
0.1
34
25
0.1
34
32
0.1
34
38
0.1
34
39
0.1
34
43
0.1
34
45
0.1
34
50
0.1
34
56
0.1
34
63
0.1
34
69
0.1
34
75
0.1
34
76
0.1
34
85
0.1
34
86
0.1
34
91
0.1
35
13
0.1
35
15
0.1
35
22
0.1
35
38
0.1
35
43
0.1
35
44
0.1
35
54
0.1
35
64
0.1
35
77
0.1
35
79
0.1
35
99
0.1
36
1
0.1
36
14
0.1
36
58
0.1
36
62
0.1
36
72
0.1
36
94
0.1
37
8
0.1
37
10
0.1
37
12
0.1
37
15
0.1
37
20
0.1
37
21
0.1
37
28
0.1
37
33
0.1
37
41
0.1
37
52
0.1
37
61
0.1
37
65
0.1
37
69
0.1
37
81
0.1
37
89
0.1
37
96
0.1
37
98
0.1
38
27
0.1
38
28
0.1
38
35
0.1
38
44
0.1
38
54
0.1
38
63
0.1
38
64
0.1
38
65
0.1
38
66
0.1
38
77
0.1
38
79
0.1
38
80
0.1
38
81
0.1
38
85
0.1
38
97
0.1
38
99
0.1
39
2
0.1
39
6
0.1
39
15
0.1
39
20
0.1
39
29
0.1
39
34
0.1
39
35
0.1
39
37
0.1
39
43
0.1
39
45
0.1
39
47
0.1
39
48
0.1
39
50
0.1
39
54
0.1
39
56
0.1
39
63
0.1
39
65
0.1
39
70
0.1
39
76
0.1
39
79
0.1
39
80
0.1
39
81
0.1
39
94
0.1
39
100
0.1
40
14
0.1
40
26
0.1
40
36
0.1
40
49
0.1
40
58
0.1
40
62
0.1
40
72
0.1
40
78
0.1
40
83
0.1
40
94
0.1
40
96
0.1
41
2
0.1
41
12
0.1
41
16
0.1
41
21
0.1
41
28
0.1
41
68
0.1
41
81
0.1
41
89
0.1
41
98
0.1
42
17
0.1
42
24
0.1
42
33
0.1
42
56
0.1
42
60
0.1
42
67
0.1
42
69
0.1
42
71
0.1
42
74
0.1
42
83
0.1
42
84
0.1
42
92
0.1
42
95
0.1
43
13
0.1
43
15
0.1
43
29
0.1
43
33
0.1
43
45
0.1
43
54
0.1
43
63
0.1
43
65
0.1
43
73
0.1
43
81
0.1
43
89
0.1
43
90
0.1
43
97
0.1
43
100
0.1
44
6
0.1
44
29
0.1
44
35
0.1
44
38
0.1
44
73
0.1
44
77
0.1
44
79
0.1
44
85
0.1
44
97
0.1
44
99
0.1
45
6
0.1
45
11
0.1
45
13
0.1
45
15
0.1
45
27
0.1
45
34
0.1
45
39
0.1
45
43
0.1
45
47
0.1
45
50
0.1
45
56
0.1
45
63
0.1
45
73
0.1
45
75
0.1
45
78
0.1
45
80
0.1
45
84
0.1
45
97
0.1
45
100
0.1
46
9
0.1
46
59
0.1
46
82
0.1
47
2
0.1
47
6
0.1
47
15
0.1
47
29
0.1
47
34
0.1
47
39
0.1
47
43
0.1
47
50
0.1
47
51
0.1
47
56
0.1
47
63
0.1
47
64
0.1
47
69
0.1
47
73
0.1
47
75
0.1
47
81
0.1
47
86
0.1
47
87
0.1
47
97
0.1
48
2
0.1
48
18
0.1
48
23
0.1
48
28
0.1
48
32
0.1
48
39
0.1
48
64
0.1
48
65
0.1
48
80
0.1
48
93
0.1
48
100
0.1
49
5
0.1
49
24
0.1
49
33
0.1
49
42
0.1
49
58
0.1
49
60
0.1
49
83
0.1
49
84
0.1
49
92
0.1
49
95
0.1
50
8
0.1
50
27
0.1
50
34
0.1
50
43
0.1
50
45
0.1
50
47
0.1
50
65
0.1
50
66
0.1
50
69
0.1
50
75
0.1
50
83
0.1
50
85
0.1
50
99
0.1
51
49
0.1
51
50
0.1
51
57
0.1
51
59
0.1
51
82
0.1
51
87
0.1
51
90
0.1
51
92
0.1
52
1
0.1
52
5
0.1
52
88
0.1
52
94
0.1
52
98
0.1
53
22
0.1
53
23
0.1
53
43
0.1
53
44
0.1
53
48
0.1
53
77
0.1
53
79
0.1
54
2
0.1
54
6
0.1
54
23
0.1
54
29
0.1
54
38
0.1
54
39
0.1
54
44
0.1
54
45
0.1
54
63
0.1
54
64
0.1
54
65
0.1
54
77
0.1
54
79
0.1
54
80
0.1
54
81
0.1
54
100
0.1
55
10
0.1
55
18
0.1
55
21
0.1
55
28
0.1
55
32
0.1
55
54
0.1
55
80
0.1
55
81
0.1
55
89
0.1
55
93
0.1
56
5
0.1
56
17
0.1
56
27
0.1
56
31
0.1
56
34
0.1
56
60
0.1
56
63
0.1
56
64
0.1
56
69
0.1
56
74
0.1
56
82
0.1
56
83
0.1
56
86
0.1
56
87
0.1
56
92
0.1
56
97
0.1
56
100
0.1
57
8
0.1
57
9
0.1
57
34
0.1
57
42
0.1
57
51
0.1
57
67
0.1
57
75
0.1
57
82
0.1
57
87
0.1
57
92
0.1
58
1
0.1
58
14
0.1
58
30
0.1
58
36
0.1
58
40
0.1
58
62
0.1
58
78
0.1
58
86
0.1
59
9
0.1
59
19
0.1
59
46
0.1
59
67
0.1
59
74
0.1
60
4
0.1
60
11
0.1
60
31
0.1
60
33
0.1
60
42
0.1
60
56
0.1
60
61
0.1
60
69
0.1
60
75
0.1
60
76
0.1
60
83
0.1
60
86
0.1
60
90
0.1
60
97
0.1
61
5
0.1
61
11
0.1
61
20
0.1
61
24
0.1
61
26
0.1
61
33
0.1
61
34
0.1
61
36
0.1
61
37
0.1
61
45
0.1
61
56
0.1
61
60
0.1
61
69
0.1
61
76
0.1
61
78
0.1
61
83
0.1
61
84
0.1
61
96
0.1
62
1
0.1
62
36
0.1
62
72
0.1
62
83
0.1
62
88
0.1
62
94
0.1
63
6
0.1
63
13
0.1
63
25
0.1
63
35
0.1
63
39
0.1
63
43
0.1
63
44
0.1
63
45
0.1
63
50
0.1
63
69
0.1
63
73
0.1
63
75
0.1
63
76
0.1
63
81
0.1
63
85
0.1
63
97
0.1
63
100
0.1
64
29
0.1
64
35
0.1
64
38
0.1
64
43
0.1
64
44
0.1
64
47
0.1
64
55
0.1
64
66
0.1
64
73
0.1
64
79
0.1
64
85
0.1
64
99
0.1
65
2
0.1
65
6
0.1
65
20
0.1
65
29
0.1
65
32
0.1
65
39
0.1
65
43
0.1
65
45
0.1
65
75
0.1
65
80
0.1
65
88
0.1
65
100
0.1
66
13
0.1
66
85
0.1
67
8
0.1
67
17
0.1
67
31
0.1
67
46
0.1
67
51
0.1
67
57
0.1
67
59
0.1
67
92
0.1
67
95
0.1
68
7
0.1
68
10
0.1
68
16
0.1
68
41
0.1
68
55
0.1
69
4
0.1
69
5
0.1
69
11
0.1
69
33
0.1
69
39
0.1
69
45
0.1
69
61
0.1
69
63
0.1
69
76
0.1
69
84
0.1
69
86
0.1
69
88
0.1
69
90
0.1
70
4
0.1
70
7
0.1
70
12
0.1
70
28
0.1
70
98
0.1
71
5
0.1
71
9
0.1
71
14
0.1
71
42
0.1
71
46
0.1
71
67
0.1
71
82
0.1
71
84
0.1
71
87
0.1
71
90
0.1
71
92
0.1
71
95
0.1
72
3
0.1
72
14
0.1
72
26
0.1
72
36
0.1
72
40
0.1
72
49
0.1
72
58
0.1
72
62
0.1
72
71
0.1
72
88
0.1
72
96
0.1
73
22
0.1
73
45
0.1
73
48
0.1
73
64
0.1
73
66
0.1
73
77
0.1
73
79
0.1
73
85
0.1
73
97
0.1
73
99
0.1
74
42
0.1
74
46
0.1
74
49
0.1
74
51
0.1
74
67
0.1
74
71
0.1
74
82
0.1
74
83
0.1
74
86
0.1
74
92
0.1
74
95
0.1
75
8
0.1
75
11
0.1
75
13
0.1
75
34
0.1
75
35
0.1
75
39
0.1
75
43
0.1
75
45
0.1
75
47
0.1
75
61
0.1
75
79
0.1
75
86
0.1
75
87
0.1
75
90
0.1
75
91
0.1
75
97
0.1
76
11
0.1
76
15
0.1
76
34
0.1
76
37
0.1
76
39
0.1
76
43
0.1
76
54
0.1
76
61
0.1
76
69
0.1
76
71
0.1
76
75
0.1
76
80
0.1
76
84
0.1
76
89
0.1
76
94
0.1
76
96
0.1
76
97
0.1
77
22
0.1
77
23
0.1
77
35
0.1
77
44
0.1
77
47
0.1
77
53
0.1
77
73
0.1
77
79
0.1
77
97
0.1
77
99
0.1
78
1
0.1
78
3
0.1
78
4
0.1
78
5
0.1
78
26
0.1
78
49
0.1
78
52
0.1
78
56
0.1
78
58
0.1
78
60
0.1
78
61
0.1
78
72
0.1
78
74
0.1
78
76
0.1
78
83
0.1
78
84
0.1
78
88
0.1
78
94
0.1
78
96
0.1
79
13
0.1
79
22
0.1
79
29
0.1
79
34
0.1
79
35
0.1
79
38
0.1
79
43
0.1
79
45
0.1
79
47
0.1
79
53
0.1
79
64
0.1
79
73
0.1
79
76
0.1
79
80
0.1
79
85
0.1
79
91
0.1
79
97
0.1
79
99
0.1
80
6
0.1
80
16
0.1
80
20
0.1
80
23
0.1
80
39
0.1
80
41
0.1
80
47
0.1
80
65
0.1
80
69
0.1
80
70
0.1
80
79
0.1
80
81
0.1
80
89
0.1
80
93
0.1
80
100
0.1
81
2
0.1
81
11
0.1
81
15
0.1
81
29
0.1
81
32
0.1
81
39
0.1
81
48
0.1
81
63
0.1
81
65
0.1
81
80
0.1
81
89
0.1
81
96
0.1
81
100
0.1
82
9
0.1
82
17
0.1
82
42
0.1
82
46
0.1
82
51
0.1
82
56
0.1
82
57
0.1
82
67
0.1
82
71
0.1
82
74
0.1
82
87
0.1
82
90
0.1
82
92
0.1
82
95
0.1
82
97
0.1
83
4
0.1
83
5
0.1
83
11
0.1
83
17
0.1
83
19
0.1
83
24
0.1
83
26
0.1
83
27
0.1
83
33
0.1
83
42
0.1
83
60
0.1
83
62
0.1
83
71
0.1
83
78
0.1
83
86
0.1
83
90
0.1
83
92
0.1
84
4
0.1
84
5
0.1
84
8
0.1
84
14
0.1
84
17
0.1
84
26
0.1
84
33
0.1
84
56
0.1
84
60
0.1
84
61
0.1
84
63
0.1
84
69
0.1
84
71
0.1
84
78
0.1
84
83
0.1
84
86
0.1
84
90
0.1
85
15
0.1
85
35
0.1
85
44
0.1
85
45
0.1
85
63
0.1
85
64
0.1
85
66
0.1
85
67
0.1
85
79
0.1
85
81
0.1
85
97
0.1
85
99
0.1
86
5
0.1
86
8
0.1
86
31
0.1
86
33
0.1
86
37
0.1
86
42
0.1
86
46
0.1
86
49
0.1
86
50
0.1
86
56
0.1
86
60
0.1
86
67
0.1
86
83
0.1
86
92
0.1
86
95
0.1
87
8
0.1
87
9
0.1
87
17
0.1
87
19
0.1
87
27
0.1
87
34
0.1
87
51
0.1
87
56
0.1
87
57
0.1
87
82
0.1
87
86
0.1
88
8
0.1
88
11
0.1
88
26
0.1
88
30
0.1
88
36
0.1
88
49
0.1
88
52
0.1
88
58
0.1
88
72
0.1
88
94
0.1
88
96
0.1
89
2
0.1
89
10
0.1
89
21
0.1
89
28
0.1
89
32
0.1
89
41
0.1
89
80
0.1
89
81
0.1
89
93
0.1
89
98
0.1
90
8
0.1
90
11
0.1
90
14
0.1
90
24
0.1
90
26
0.1
90
27
0.1
90
31
0.1
90
56
0.1
90
60
0.1
90
61
0.1
90
63
0.1
90
74
0.1
90
75
0.1
90
81
0.1
90
83
0.1
90
84
0.1
90
86
0.1
90
87
0.1
90
92
0.1
90
95
0.1
91
11
0.1
91
13
0.1
91
25
0.1
91
31
0.1
91
34
0.1
91
38
0.1
91
43
0.1
91
45
0.1
91
47
0.1
91
63
0.1
91
65
0.1
91
79
0.1
91
97
0.1
92
5
0.1
92
11
0.1
92
14
0.1
92
19
0.1
92
42
0.1
92
49
0.1
92
57
0.1
92
60
0.1
92
61
0.1
92
71
0.1
92
82
0.1
92
86
0.1
92
90
0.1
93
2
0.1
93
15
0.1
93
21
0.1
93
28
0.1
93
32
0.1
93
37
0.1
93
43
0.1
93
48
0.1
93
65
0.1
93
68
0.1
93
75
0.1
93
80
0.1
93
81
0.1
93
89
0.1
94
1
0.1
94
26
0.1
94
40
0.1
94
52
0.1
94
58
0.1
94
69
0.1
94
72
0.1
94
78
0.1
94
88
0.1
95
9
0.1
95
17
0.1
95
42
0.1
95
49
0.1
95
59
0.1
95
71
0.1
95
74
0.1
95
76
0.1
95
87
0.1
95
90
0.1
95
92
0.1
96
2
0.1
96
3
0.1
96
5
0.1
96
11
0.1
96
20
0.1
96
26
0.1
96
37
0.1
96
69
0.1
96
70
0.1
96
74
0.1
96
76
0.1
96
78
0.1
96
100
0.1
97
15
0.1
97
25
0.1
97
29
0.1
97
39
0.1
97
43
0.1
97
47
0.1
97
50
0.1
97
56
0.1
97
63
0.1
97
64
0.1
97
73
0.1
97
75
0.1
97
79
0.1
97
81
0.1
97
85
0.1
97
87
0.1
97
100
0.1
98
7
0.1
98
12
0.1
98
20
0.1
98
21
0.1
98
26
0.1
98
33
0.1
98
37
0.1
98
41
0.1
98
61
0.1
98
80
0.1
98
100
0.1
99
13
0.1
99
29
0.1
99
38
0.1
99
43
0.1
99
47
0.1
99
64
0.1
99
73
0.1
99
85
0.1
99
91
0.1
100
6
0.1
100
15
0.1
100
20
0.1
100
23
0.1
100
34
0.1
100
38
0.1
100
39
0.1
100
47
0.1
100
48
0.1
100
54
0.1
100
65
0.1
100
80
0.1
100
81
0.1
100
88
0.1
100
91
0.1
100
93
0.1
100
99
0.1
