0.250597
0.888591
0.848886
0.605841
0.364549
0.975413
0.360985
0.721123
0.244541
0.526191
0.637527
0.540955
0.534388
0.905499
0.378546
0.256961
0.0550285
0.0388271
0.796516
0.907638
0.340676
0.48328
0.483831
0.877986
0.606884
0.122925
0.0389063
0.683838
0.649817
0.430902
0.810216
0.960971
0.200682
0.228572
0.918277
0.968755
0.0784839
0.0105946
0.58553
0.620303
0.750995
0.831716
0.936215
0.336624
0.990465
0.363773
0.00892752
0.450942
0.517687
0.147869
0.293379
0.723723
0.336525
0.0660479
0.72293
0.713765
0.781125
0.219094
0.364059
0.999318
0.19473
0.255755
0.858997
0.630834
0.18516
0.490088
0.467914
0.306612
0.857253
0.285829
0.0620333
0.893779
0.585092
0.710133
0.789402
0.259092
0.58598
0.483295
0.0955073
0.8237
0.732821
0.889045
0.00911231
0.348667
0.684266
0.383574
0.885615
0.237912
0.544834
0.390562
0.0456463
0.0793748
0.585629
0.3032
0.894862
0.551726
0.027089
0.557455
0.544173
0.250035
0.209483
0.0273442
0.301753
0.823747
0.997778
0.3991
0.799078
0.429767
0.958175
0.755669
0.33042
0.253242
0.240421
0.0441061
0.0549055
0.778848
0.0404332
0.0217221
0.299973
0.415365
0.35894
0.543573
0.114139
0.965319
0.576115
0.356114
0.774719
0.193834
0.679616
0.527526
0.666132
0.0210056
0.0921849
0.136146
0.802612
0.925627
0.369634
0.524203
0.555656
0.905238
0.0168739
0.314211
0.0728524
0.879037
0.801767
0.131926
0.0808995
0.308985
0.509673
0.324152
0.420023
0.586665
0.966507
0.326443
0.17475
0.637061
0.709421
0.248875
0.709967
0.583534
0.743395
0.527835
0.0894397
0.199072
0.156873
0.525211
0.288308
0.483885
0.74898
0.137573
0.21709
0.338169
0.287069
0.140317
0.254215
0.77758
0.73353
0.724806
0.33434
0.430972
0.591901
0.183019
0.0699136
0.34339
0.819388
0.678516
0.159678
0.772369
0.0743223
0.299761
0.408192
0.708161
0.641619
0.277144
0.516749
0.825627
0.816101
0.133232
0.659123
0.475384
